00003333000033330000333300
00003333000033330000333300
00003333000033330000333300
00003333000033330000333300
00003333000033330000333300
00003333000033330000333300
00003333000033330000333300
00003333000033330000333300
00003333000033330000333300
00003333000033330000333300
00003333000033330000333300
00003333000033330000333300
00003333000033330000333300
00003333000033330000333300
00003333000033330000333300
00003333000033330000333300
00003333000033330000333300
00003333000033330000333300
00003333000033330000333300
00003333000033330000333300
00003333000033330000333300
00003333000033330000333300
00003333000033330000333300
00003333000033330000333300
00003333000033330000333300
00003333000033330000333300
